80
40
STATICBG
0.000000
0.000000
0
0
TILE
79.000000
39.000000
0
0
TILE
78.000000
39.000000
0
0
TILE
77.000000
39.000000
0
0
TILE
76.000000
39.000000
0
0
TILE
75.000000
39.000000
0
0
TILE
74.000000
39.000000
0
0
TILE
73.000000
39.000000
0
0
TILE
72.000000
39.000000
0
0
TILE
71.000000
39.000000
0
0
TILE
70.000000
39.000000
0
0
TILE
69.000000
39.000000
0
0
TILE
68.000000
39.000000
0
0
TILE
67.000000
39.000000
0
0
TILE
66.000000
39.000000
0
0
TILE
65.000000
39.000000
0
0
TILE
64.000000
39.000000
0
0
TILE
63.000000
39.000000
0
0
TILE
62.000000
39.000000
0
0
TILE
61.000000
39.000000
0
0
TILE
60.000000
39.000000
0
0
TILE
59.000000
39.000000
0
0
TILE
58.000000
39.000000
0
0
TILE
57.000000
39.000000
0
0
TILE
56.000000
39.000000
0
0
TILE
55.000000
39.000000
0
0
TILE
54.000000
39.000000
0
0
TILE
53.000000
39.000000
0
0
TILE
52.000000
39.000000
0
0
TILE
51.000000
39.000000
0
0
TILE
50.000000
39.000000
0
0
TILE
49.000000
39.000000
0
0
TILE
48.000000
39.000000
0
0
TILE
47.000000
39.000000
0
0
TILE
46.000000
39.000000
0
0
TILE
45.000000
39.000000
0
0
TILE
44.000000
39.000000
0
0
TILE
43.000000
39.000000
0
0
TILE
42.000000
39.000000
0
0
TILE
41.000000
39.000000
0
0
TILE
40.000000
39.000000
0
0
TILE
39.000000
39.000000
0
0
TILE
38.000000
39.000000
0
0
TILE
37.000000
39.000000
0
0
TILE
36.000000
39.000000
0
0
TILE
35.000000
39.000000
0
0
TILE
34.000000
39.000000
0
0
TILE
33.000000
39.000000
0
0
TILE
32.000000
39.000000
0
0
TILE
31.000000
39.000000
0
0
TILE
30.000000
39.000000
0
0
TILE
29.000000
39.000000
0
0
TILE
28.000000
39.000000
0
0
TILE
27.000000
39.000000
0
0
TILE
26.000000
39.000000
0
0
TILE
25.000000
39.000000
0
0
TILE
24.000000
39.000000
0
0
TILE
23.000000
39.000000
0
0
TILE
22.000000
39.000000
0
0
TILE
21.000000
39.000000
0
0
TILE
20.000000
39.000000
0
0
TILE
19.000000
39.000000
0
0
TILE
18.000000
39.000000
0
0
TILE
17.000000
39.000000
0
0
TILE
16.000000
39.000000
0
0
TILE
15.000000
39.000000
0
0
TILE
14.000000
39.000000
0
0
TILE
13.000000
39.000000
0
0
TILE
12.000000
39.000000
0
0
TILE
11.000000
39.000000
0
0
TILE
10.000000
39.000000
0
0
TILE
9.000000
39.000000
0
0
TILE
8.000000
39.000000
0
0
TILE
7.000000
39.000000
0
0
TILE
6.000000
39.000000
0
0
TILE
5.000000
39.000000
0
0
TILE
4.000000
39.000000
0
0
TILE
3.000000
39.000000
0
0
TILE
2.000000
39.000000
0
0
TILE
1.000000
39.000000
0
0
TILE
0.000000
39.000000
0
0
TILE
79.000000
38.000000
0
0
TILE
74.000000
38.000000
0
0
TILE
73.000000
38.000000
0
0
TILE
65.000000
38.000000
0
0
TILE
55.000000
38.000000
0
0
TILE
53.000000
38.000000
0
0
TILE
35.000000
38.000000
0
0
TILE
34.000000
38.000000
0
0
TILE
33.000000
38.000000
0
0
TILE
32.000000
38.000000
0
0
TILE
28.000000
38.000000
0
0
TILE
27.000000
38.000000
0
0
TILE
26.000000
38.000000
0
0
TILE
25.000000
38.000000
0
0
TILE
0.000000
38.000000
0
0
TILE
79.000000
37.000000
0
0
TILE
77.000000
37.000000
0
0
TILE
76.000000
37.000000
0
0
TILE
72.000000
37.000000
0
0
TILE
70.000000
37.000000
0
0
TILE
68.000000
37.000000
0
0
TILE
57.000000
37.000000
0
0
TILE
52.000000
37.000000
0
0
TILE
35.000000
37.000000
0
0
TILE
34.000000
37.000000
0
0
TILE
33.000000
37.000000
0
0
TILE
32.000000
37.000000
0
0
TILE
28.000000
37.000000
0
0
TILE
27.000000
37.000000
0
0
TILE
26.000000
37.000000
0
0
TILE
25.000000
37.000000
0
0
TILE
0.000000
37.000000
0
0
TILE
79.000000
36.000000
0
0
TILE
77.000000
36.000000
0
0
TILE
73.000000
36.000000
0
0
TILE
72.000000
36.000000
0
0
TILE
54.000000
36.000000
0
0
TILE
35.000000
36.000000
0
0
TILE
34.000000
36.000000
0
0
TILE
33.000000
36.000000
0
0
TILE
32.000000
36.000000
0
0
TILE
28.000000
36.000000
0
0
TILE
27.000000
36.000000
0
0
TILE
26.000000
36.000000
0
0
TILE
25.000000
36.000000
0
0
TILE
0.000000
36.000000
0
0
TILE
79.000000
35.000000
0
0
TILE
78.000000
35.000000
0
0
TILE
76.000000
35.000000
0
0
TILE
74.000000
35.000000
0
0
TILE
35.000000
35.000000
0
0
TILE
34.000000
35.000000
0
0
TILE
33.000000
35.000000
0
0
TILE
32.000000
35.000000
0
0
TILE
28.000000
35.000000
0
0
TILE
27.000000
35.000000
0
0
TILE
26.000000
35.000000
0
0
TILE
25.000000
35.000000
0
0
TILE
0.000000
35.000000
0
0
TILE
79.000000
34.000000
0
0
TILE
78.000000
34.000000
0
0
TILE
70.000000
34.000000
0
0
TILE
35.000000
34.000000
0
0
TILE
34.000000
34.000000
0
0
TILE
33.000000
34.000000
0
0
TILE
32.000000
34.000000
0
0
TILE
0.000000
34.000000
0
0
TILE
79.000000
33.000000
0
0
TILE
77.000000
33.000000
0
0
TILE
73.000000
33.000000
0
0
TILE
35.000000
33.000000
0
0
TILE
34.000000
33.000000
0
0
TILE
33.000000
33.000000
0
0
TILE
32.000000
33.000000
0
0
TILE
0.000000
33.000000
0
0
TILE
79.000000
32.000000
0
0
TILE
76.000000
32.000000
0
0
TILE
71.000000
32.000000
0
0
TILE
0.000000
32.000000
0
0
TILE
79.000000
31.000000
0
0
TILE
76.000000
31.000000
0
0
TILE
0.000000
31.000000
0
0
TILE
79.000000
30.000000
0
0
TILE
75.000000
30.000000
0
0
TILE
0.000000
30.000000
0
0
TILE
79.000000
29.000000
0
0
TILE
17.000000
29.000000
0
0
TILE
16.000000
29.000000
0
0
TILE
15.000000
29.000000
0
0
TILE
1.000000
29.000000
0
0
TILE
0.000000
29.000000
0
0
TILE
79.000000
28.000000
0
0
TILE
74.000000
28.000000
0
0
TILE
0.000000
28.000000
0
0
TILE
79.000000
27.000000
0
0
TILE
76.000000
27.000000
0
0
TILE
15.000000
27.000000
0
0
TILE
14.000000
27.000000
0
0
TILE
13.000000
27.000000
0
0
TILE
0.000000
27.000000
0
0
TILE
79.000000
26.000000
0
0
TILE
12.000000
26.000000
0
0
TILE
0.000000
26.000000
0
0
TILE
79.000000
25.000000
0
0
TILE
0.000000
25.000000
0
0
TILE
79.000000
24.000000
0
0
TILE
75.000000
24.000000
0
0
TILE
12.000000
24.000000
0
0
TILE
0.000000
24.000000
0
0
TILE
79.000000
23.000000
0
0
TILE
11.000000
23.000000
0
0
TILE
0.000000
23.000000
0
0
TILE
79.000000
22.000000
0
0
TILE
10.000000
22.000000
0
0
TILE
0.000000
22.000000
0
0
TILE
79.000000
21.000000
0
0
TILE
9.000000
21.000000
0
0
TILE
0.000000
21.000000
0
0
TILE
79.000000
20.000000
0
0
TILE
9.000000
20.000000
0
0
TILE
0.000000
20.000000
0
0
TILE
79.000000
19.000000
0
0
TILE
0.000000
19.000000
0
0
TILE
79.000000
18.000000
0
0
TILE
0.000000
18.000000
0
0
TILE
79.000000
17.000000
0
0
TILE
25.000000
17.000000
0
0
TILE
0.000000
17.000000
0
0
TILE
79.000000
16.000000
0
0
TILE
26.000000
16.000000
0
0
TILE
19.000000
16.000000
0
0
TILE
18.000000
16.000000
0
0
TILE
0.000000
16.000000
0
0
TILE
79.000000
15.000000
0
0
TILE
34.000000
15.000000
0
0
TILE
17.000000
15.000000
0
0
TILE
0.000000
15.000000
0
0
TILE
79.000000
14.000000
0
0
TILE
0.000000
14.000000
0
0
TILE
79.000000
13.000000
0
0
TILE
0.000000
13.000000
0
0
TILE
79.000000
12.000000
0
0
TILE
0.000000
12.000000
0
0
TILE
79.000000
11.000000
0
0
TILE
0.000000
11.000000
0
0
TILE
79.000000
10.000000
0
0
TILE
0.000000
10.000000
0
0
TILE
79.000000
9.000000
0
0
TILE
0.000000
9.000000
0
0
TILE
79.000000
8.000000
0
0
TILE
0.000000
8.000000
0
0
TILE
79.000000
7.000000
0
0
TILE
0.000000
7.000000
0
0
TILE
79.000000
6.000000
0
0
TILE
0.000000
6.000000
0
0
TILE
79.000000
5.000000
0
0
TILE
0.000000
5.000000
0
0
TILE
79.000000
4.000000
0
0
TILE
0.000000
4.000000
0
0
TILE
79.000000
3.000000
0
0
TILE
0.000000
3.000000
0
0
TILE
79.000000
2.000000
0
0
TILE
0.000000
2.000000
0
0
TILE
79.000000
1.000000
0
0
TILE
0.000000
1.000000
0
0
TILE
79.000000
0.000000
0
0
TILE
78.000000
0.000000
0
0
TILE
77.000000
0.000000
0
0
TILE
76.000000
0.000000
0
0
TILE
75.000000
0.000000
0
0
TILE
74.000000
0.000000
0
0
TILE
73.000000
0.000000
0
0
TILE
72.000000
0.000000
0
0
TILE
71.000000
0.000000
0
0
TILE
70.000000
0.000000
0
0
TILE
69.000000
0.000000
0
0
TILE
68.000000
0.000000
0
0
TILE
67.000000
0.000000
0
0
TILE
66.000000
0.000000
0
0
TILE
65.000000
0.000000
0
0
TILE
64.000000
0.000000
0
0
TILE
63.000000
0.000000
0
0
TILE
62.000000
0.000000
0
0
TILE
61.000000
0.000000
0
0
TILE
60.000000
0.000000
0
0
TILE
59.000000
0.000000
0
0
TILE
58.000000
0.000000
0
0
TILE
57.000000
0.000000
0
0
TILE
56.000000
0.000000
0
0
TILE
55.000000
0.000000
0
0
TILE
54.000000
0.000000
0
0
TILE
53.000000
0.000000
0
0
TILE
52.000000
0.000000
0
0
TILE
51.000000
0.000000
0
0
TILE
50.000000
0.000000
0
0
TILE
49.000000
0.000000
0
0
TILE
48.000000
0.000000
0
0
TILE
47.000000
0.000000
0
0
TILE
46.000000
0.000000
0
0
TILE
45.000000
0.000000
0
0
TILE
44.000000
0.000000
0
0
TILE
43.000000
0.000000
0
0
TILE
42.000000
0.000000
0
0
TILE
41.000000
0.000000
0
0
TILE
40.000000
0.000000
0
0
TILE
39.000000
0.000000
0
0
TILE
38.000000
0.000000
0
0
TILE
37.000000
0.000000
0
0
TILE
36.000000
0.000000
0
0
TILE
35.000000
0.000000
0
0
TILE
34.000000
0.000000
0
0
TILE
33.000000
0.000000
0
0
TILE
32.000000
0.000000
0
0
TILE
31.000000
0.000000
0
0
TILE
30.000000
0.000000
0
0
TILE
29.000000
0.000000
0
0
TILE
28.000000
0.000000
0
0
TILE
27.000000
0.000000
0
0
TILE
26.000000
0.000000
0
0
TILE
25.000000
0.000000
0
0
TILE
24.000000
0.000000
0
0
TILE
23.000000
0.000000
0
0
TILE
22.000000
0.000000
0
0
TILE
21.000000
0.000000
0
0
TILE
20.000000
0.000000
0
0
TILE
19.000000
0.000000
0
0
TILE
18.000000
0.000000
0
0
TILE
17.000000
0.000000
0
0
TILE
16.000000
0.000000
0
0
TILE
15.000000
0.000000
0
0
TILE
14.000000
0.000000
0
0
TILE
13.000000
0.000000
0
0
TILE
12.000000
0.000000
0
0
TILE
11.000000
0.000000
0
0
TILE
10.000000
0.000000
0
0
TILE
9.000000
0.000000
0
0
TILE
8.000000
0.000000
0
0
TILE
7.000000
0.000000
0
0
TILE
6.000000
0.000000
0
0
TILE
5.000000
0.000000
0
0
TILE
4.000000
0.000000
0
0
TILE
3.000000
0.000000
0
0
TILE
2.000000
0.000000
0
0
TILE
1.000000
0.000000
0
0
ITEM
37.246094
1.186372
0
0
ITEM
37.328125
1.186372
0
0
ITEM
36.589844
1.186372
0
0
ITEM
27.671875
1.186372
0
0
ITEM
25.671875
1.186372
0
0
SIMPLE_ENEMY
65.000000
5.279298
0
0
SIMPLE_ENEMY
70.000000
5.279298
0
0
SIMPLE_ENEMY
50.000000
10.186372
0
0
SIMPLE_ENEMY
50.000000
15.279298
0
0
SIMPLE_ENEMY
40.000000
10.186372
0
0
SIMPLE_ENEMY
40.000000
15.279298
0
0
SIMPLE_ENEMY
5.000000
5.279298
0
0
POINT
14.384766
18.963867
0
0
HERO
5.000000
20.279314
0
18
0
0
0
0
0
0
0
0
0
0
0
0
0
0
0
0
0
0
POINT
0.000000
6.000000
0
0
TILE
0.000000
0.000000
0
0
